0.05376386642456055
0.04744887351989746
0.03252363204956055
0.029099225997924805
0.02922534942626953
0.026935338973999023
0.025839805603027344
0.04200935363769531
0.030735254287719727
0.026729583740234375
0.03021383285522461
0.030971527099609375
0.02756524085998535
0.04126930236816406
0.03244495391845703
0.028939247131347656
0.02962779998779297
0.028168439865112305
0.030793190002441406
0.03400611877441406
0.0265960693359375
0.025035381317138672
0.031588077545166016
0.0245053768157959
0.03579115867614746
0.02366781234741211
0.02423858642578125
0.023409366607666016
0.02449774742126465
0.02428150177001953
0.023256301879882812
0.04337620735168457
0.024014711380004883
0.02890944480895996
0.02731466293334961
0.024997472763061523
0.020644664764404297
0.030051469802856445
0.023634672164916992
0.025447845458984375
0.02337789535522461
0.022629976272583008
0.02508234977722168
0.02320098876953125
0.03296089172363281
0.021825075149536133
0.022954940795898438
0.023808002471923828
0.020695924758911133
0.026766300201416016
0.0223236083984375
0.043707847595214844
0.022691726684570312
0.02134871482849121
0.02164936065673828
0.027563095092773438
0.02532029151916504
0.037294626235961914
0.02371501922607422
0.028609275817871094
0.022381067276000977
0.031054973602294922
0.025722980499267578
0.03754734992980957
0.024536848068237305
0.02298116683959961
0.02364945411682129
0.023198843002319336
0.02484297752380371
0.04919719696044922
0.025991439819335938
0.024053335189819336
0.020368337631225586
0.02803969383239746
0.024161577224731445
0.039789676666259766
0.024827957153320312
0.0243072509765625
0.024076461791992188
0.025957822799682617
0.026615142822265625
0.04021120071411133
0.023669719696044922
0.02766728401184082
0.03282880783081055
0.02676081657409668
0.03010845184326172
0.04411768913269043
0.028107404708862305
0.026962995529174805
0.024790525436401367
0.025754213333129883
0.025241374969482422
0.03385663032531738
0.025716304779052734
0.0255892276763916
0.01961660385131836
0.0250701904296875
0.025998592376708984
0.04329657554626465
0.023749828338623047
0.023888111114501953
0.02280402183532715
0.023424148559570312
0.026528120040893555
0.04398798942565918
0.02400946617126465
0.025607585906982422
0.01978468894958496
0.025179624557495117
0.027842998504638672
0.04857802391052246
0.023988723754882812
0.021667957305908203
0.02457880973815918
0.02365565299987793
0.022555112838745117
0.02423882484436035
0.024172306060791016
0.024329662322998047
0.018723726272583008
0.024211406707763672
0.026607990264892578
0.025996685028076172
0.03153276443481445
0.025383472442626953
0.024193525314331055
0.025920867919921875
0.0281982421875
0.026113510131835938
0.024381160736083984
0.02246570587158203
0.021106243133544922
0.021367311477661133
0.02066802978515625
0.033458709716796875
0.026198148727416992
0.02165675163269043
0.020769357681274414
0.021114349365234375
0.028974294662475586
0.03255033493041992
0.03531503677368164
0.021528959274291992
0.024468660354614258
0.022769927978515625
0.023024320602416992
0.025259017944335938
0.021428346633911133
0.025493621826171875
0.02242732048034668
0.024680376052856445
0.026514768600463867
0.022470712661743164
0.0235140323638916
0.03261232376098633
0.020831584930419922
0.02289128303527832
0.023221492767333984
0.024468421936035156
0.02132415771484375
0.03322720527648926
0.031382083892822266
0.02395009994506836
0.023797988891601562
0.022791147232055664
0.020726442337036133
0.02390265464782715
0.020396947860717773
0.03322649002075195
0.025608062744140625
0.022858142852783203
0.029878854751586914
0.021096467971801758
0.0211942195892334
0.034470558166503906
0.023640871047973633
0.025157928466796875
0.023128509521484375
0.02176976203918457
0.019346952438354492
0.02243208885192871
0.03291964530944824
0.0226287841796875
0.024605274200439453
0.020711183547973633
0.022543668746948242
0.025235652923583984
0.029640674591064453
0.021802425384521484
0.025007963180541992
0.021527767181396484
0.019649744033813477
0.021602153778076172
0.021776437759399414
0.03481721878051758
0.021332979202270508
0.025892019271850586
0.02124619483947754
0.02361273765563965