0.1105813980102539
0.10194611549377441
0.09482598304748535
0.0780324935913086
0.07425117492675781
0.07978606224060059
0.07202410697937012
0.07797694206237793
0.07459735870361328
0.07561826705932617
0.07169675827026367
0.07279443740844727
0.0715785026550293
0.07883238792419434
0.0743401050567627
0.07422757148742676
0.07712221145629883
0.08618783950805664
0.07555747032165527
0.07394123077392578
0.07343292236328125
0.07493782043457031
0.07301568984985352
0.0729837417602539
0.07152605056762695
0.07327532768249512
0.0770418643951416
0.07808947563171387
0.0799257755279541
0.07749581336975098
0.07502460479736328
0.08272051811218262
0.08712100982666016
0.10312318801879883
0.07466459274291992
0.07273316383361816
0.07083940505981445
0.07108521461486816
0.07182025909423828
0.07264184951782227
0.07290315628051758
0.07450008392333984
0.0740194320678711
0.07602119445800781
0.07298517227172852
0.07661294937133789
0.0793769359588623
0.08731412887573242
0.0741124153137207
0.10537123680114746
0.07619404792785645
0.07514214515686035
0.07118487358093262
0.07011294364929199
0.06965494155883789
0.06966161727905273
0.07438325881958008
0.07321763038635254
0.07242941856384277
0.07240939140319824
0.07292795181274414
0.07194662094116211
0.07100915908813477
0.07336807250976562
0.07317590713500977
0.07419252395629883
0.07367563247680664
0.07530856132507324
0.0764307975769043
0.07789468765258789
0.07388472557067871
0.09315371513366699
0.0753636360168457
0.07357501983642578
0.0733485221862793
0.07346749305725098
0.07400250434875488
0.07448601722717285
0.07526445388793945
0.07554841041564941
0.0718543529510498
0.07188630104064941
0.07323455810546875
0.0725703239440918
0.06998467445373535
0.0718984603881836
0.07074427604675293
0.0724785327911377
0.0708317756652832
0.07226681709289551
0.07114171981811523
0.07070565223693848
0.07620811462402344
0.08784961700439453
0.08310699462890625
0.07205748558044434
0.07368659973144531
0.09329557418823242
0.07511258125305176
0.07759523391723633
0.07688570022583008
0.07686805725097656
0.07285785675048828
0.07658863067626953
0.07977986335754395
0.07297134399414062
0.0736088752746582
0.07303142547607422
0.07154440879821777
0.0733342170715332
0.0728151798248291
0.07319355010986328
0.07296490669250488
0.07532620429992676
0.07350897789001465
0.07956480979919434
0.08901739120483398
0.07335066795349121
0.07312798500061035
0.07392740249633789
0.07160162925720215
0.07359933853149414
0.0757603645324707
0.0749349594116211
0.07275176048278809
0.07281899452209473
0.07464933395385742
0.07407927513122559
0.07424592971801758
0.0782322883605957
0.07705545425415039
0.08218669891357422
0.07214665412902832
0.07498455047607422
0.0946810245513916
0.07626557350158691
0.08170938491821289
0.07597780227661133
0.08117103576660156
0.0747532844543457
0.11430501937866211
0.07981753349304199
0.07561326026916504
0.07603216171264648
0.07168793678283691
0.07430577278137207
0.07505488395690918
0.07764387130737305
0.07621264457702637
0.07558727264404297
0.07425332069396973
0.07468271255493164
0.07554244995117188
0.07468748092651367
0.0756685733795166
0.07924818992614746
0.07039546966552734
0.07331991195678711
0.07886075973510742
0.07334065437316895
0.07335042953491211
0.0749044418334961
0.07320713996887207
0.07245874404907227
0.07240605354309082
0.07728981971740723
0.07149505615234375
0.07189321517944336
0.07055878639221191
0.08170700073242188
0.07368707656860352
0.07635235786437988
0.07641291618347168
0.07638096809387207
0.07254195213317871
0.07191300392150879
0.07179498672485352
0.0757286548614502
0.074249267578125
0.07307648658752441
0.0842885971069336
0.07320022583007812
0.07691526412963867
0.07231378555297852
0.07367897033691406
0.07159137725830078
0.07397055625915527
0.07422971725463867
0.0758674144744873
0.0745234489440918
0.07143306732177734
0.07854723930358887
0.09358763694763184
0.07258987426757812
0.07260656356811523
0.07507085800170898
0.07373356819152832
0.07287430763244629
0.07277703285217285
0.0735325813293457
0.07270598411560059
0.07181501388549805
0.07894062995910645
0.07209563255310059
0.07114124298095703
0.07808256149291992
0.07837748527526855
0.07108259201049805
0.07123327255249023
0.07039213180541992
0.07149887084960938
0.07096028327941895
0.07189321517944336
0.08098912239074707
0.07362747192382812
0.07078719139099121
0.07030224800109863
0.07552194595336914
0.07805252075195312
0.09929418563842773
0.07310318946838379
0.0764625072479248
0.07434439659118652
0.07433414459228516
0.07664036750793457
0.07590413093566895
0.08272004127502441
0.07372474670410156
0.07056212425231934
0.07571268081665039
0.0726616382598877
0.07259821891784668
0.07803845405578613
0.07899999618530273
0.07845377922058105
0.10854935646057129
0.07933759689331055
0.07463765144348145
0.07401537895202637
0.07317209243774414
0.07056570053100586
0.07601165771484375
0.07786250114440918
0.07738041877746582
0.0711820125579834
0.07344174385070801
0.07613253593444824
0.07486987113952637
0.07155656814575195
0.07958698272705078
0.07305073738098145
0.10009193420410156
0.07265806198120117
0.07811951637268066
0.07346177101135254
0.07726645469665527
0.07495284080505371
0.07567024230957031
0.07592439651489258
0.07988500595092773
0.08414673805236816
0.07540464401245117
0.07926273345947266
0.07606983184814453
0.07170534133911133
0.07719779014587402
0.07334041595458984
0.08047819137573242
0.07238888740539551
0.07326531410217285
0.07474493980407715
0.0739755630493164
0.07439637184143066
0.07531237602233887
0.07330465316772461
0.07431244850158691
0.08732080459594727
0.07798027992248535
0.07795047760009766
0.09128499031066895
0.07408475875854492
0.09038567543029785
0.08722066879272461
0.08420729637145996
0.08916544914245605
0.07961726188659668
0.09438824653625488
0.08363723754882812
0.08551478385925293
0.08303284645080566
0.08084249496459961
0.0898432731628418
0.07632923126220703
0.07867145538330078
0.08044219017028809
0.08208250999450684
0.08772969245910645
0.07688593864440918
0.07736921310424805
0.07473111152648926
0.07907557487487793
0.07597756385803223
0.08657121658325195
0.0767359733581543
0.07333135604858398
0.07281875610351562
0.07428932189941406
0.07999396324157715
0.07410192489624023
0.07539534568786621
0.07653212547302246
0.07266402244567871
0.08328056335449219
0.07638192176818848
0.07221817970275879
0.0698542594909668
0.07131695747375488
0.076263427734375
0.07283687591552734
0.0716550350189209
0.07374954223632812
0.07654809951782227
0.07882356643676758
0.08375096321105957
0.07782506942749023
0.08323144912719727
0.07544422149658203
0.07518935203552246
0.09540104866027832
0.07579779624938965
0.07725381851196289
0.08166384696960449
0.07560539245605469
0.08809924125671387
0.07650923728942871
0.08171224594116211
0.07413339614868164
0.07615256309509277
0.08311891555786133
0.10736989974975586
0.07401204109191895
0.07309556007385254
0.08862781524658203
0.07366585731506348
0.0726470947265625
0.09343695640563965
0.07853364944458008
0.07313346862792969
0.0710296630859375
0.07349395751953125
0.08215785026550293
0.07769513130187988
0.08361482620239258
0.07633829116821289
0.07511305809020996
0.08113384246826172
0.1341850757598877
0.07984161376953125
0.08003735542297363
0.07714986801147461
0.07058095932006836
0.07603788375854492
0.12134242057800293
0.08325457572937012
0.07707738876342773
0.07306051254272461
0.07321524620056152
0.0757288932800293
0.0724940299987793
0.07364320755004883
0.07680273056030273
0.07384419441223145
0.07490921020507812
0.11487317085266113
0.07399892807006836
0.07388925552368164
0.07407522201538086
0.07576107978820801
0.07735228538513184
0.07316327095031738
0.07287979125976562
0.07282876968383789
0.07336139678955078
0.07492589950561523
0.08863997459411621
0.07472109794616699
0.07543039321899414
0.07549142837524414
0.07405257225036621
0.07287883758544922
0.07402825355529785
0.07461786270141602
0.07635855674743652
0.07969951629638672
0.07588028907775879
0.08138704299926758
0.07147836685180664
0.07351851463317871
0.07411909103393555
0.08679819107055664
0.07650423049926758
0.0736243724822998
0.07800865173339844
0.08973240852355957
0.0742650032043457
0.10101127624511719
0.0803523063659668
0.06243634223937988
0.07281494140625
0.06357908248901367
0.06068158149719238
0.09025144577026367
0.06658673286437988
0.0653529167175293
0.06217360496520996
0.06773257255554199
0.06210780143737793
0.09528231620788574
0.06725740432739258
0.07667016983032227
0.07905173301696777
0.07356047630310059
0.07688140869140625
0.07546401023864746
0.07638311386108398
0.07578659057617188
0.07499504089355469
0.07407546043395996
0.07506418228149414
0.07461762428283691
0.07406926155090332
0.07102537155151367
0.0807199478149414
0.08065319061279297
0.07444906234741211
0.07503557205200195
0.07524299621582031
0.07465815544128418
0.08590316772460938
0.07740926742553711
0.09819149971008301
0.08098173141479492
0.07467818260192871
0.07163691520690918
0.0751645565032959
0.08090829849243164
0.08971214294433594
0.07906818389892578
0.07053112983703613
0.09938406944274902
0.06077432632446289
0.06380963325500488
0.06056952476501465
0.06069302558898926
0.07506728172302246
0.07379627227783203
0.07231354713439941
0.0726931095123291
0.07260847091674805
0.07128739356994629
0.07451605796813965
0.0743556022644043
0.07455992698669434
0.06086373329162598
0.06036734580993652
0.060372114181518555
0.0748133659362793
0.07704329490661621
0.06220412254333496
0.06304645538330078
0.06212496757507324
0.09424853324890137
0.08329415321350098
0.0764307975769043
0.07897496223449707
0.07961583137512207
0.07896995544433594
0.10890436172485352
0.07585430145263672
0.07462549209594727
0.07530879974365234
0.07622504234313965
0.07673025131225586
0.07015562057495117
0.07248044013977051
0.0724174976348877
0.07245540618896484
0.07324695587158203
0.07604432106018066
0.07637262344360352
0.07739830017089844
0.07765436172485352
0.08397674560546875
0.10151290893554688
0.077850341796875
0.08660721778869629
0.07514166831970215
0.07457399368286133
0.07789945602416992
0.10883331298828125
0.0834050178527832
0.07833671569824219
0.0792076587677002
0.08362245559692383
0.0879507064819336
0.10452103614807129
0.07880353927612305
0.08394169807434082
0.08358049392700195
0.08152174949645996
0.11615920066833496
0.07861208915710449
0.07473897933959961
0.07592606544494629
0.08221149444580078
0.07279062271118164
0.0930025577545166
0.07637524604797363
0.07735562324523926
0.08219480514526367
0.0843505859375
0.10380125045776367
0.07902169227600098
0.07794690132141113
0.08368229866027832
0.07819485664367676
0.07594037055969238
0.09481668472290039
0.07509565353393555
0.07906055450439453
0.07424211502075195
0.07587456703186035
0.07382559776306152
0.07411384582519531
0.08032989501953125
0.06352758407592773
0.06218218803405762
0.06219077110290527
0.06191754341125488
0.06528472900390625
0.06323504447937012
0.061855316162109375
0.0607755184173584
0.06095099449157715
0.0767221450805664
0.06070566177368164
0.06458091735839844
0.08026289939880371
0.08343791961669922
0.07738995552062988
0.07846307754516602
0.08024406433105469
0.07638859748840332
0.07597899436950684
0.07723712921142578
0.07573819160461426
0.0765523910522461
0.07674551010131836
0.07540011405944824
0.07063031196594238
0.0758359432220459
0.07448649406433105
0.07512855529785156
0.0743260383605957
0.07504892349243164
0.07381081581115723
0.07375431060791016
0.07360386848449707
0.0750112533569336
0.07569241523742676
0.07822275161743164
0.07413792610168457
0.07602620124816895
0.08224129676818848
0.07624650001525879
0.07766509056091309
0.07822275161743164
0.07709860801696777
0.07450437545776367
0.07385516166687012
0.0745706558227539
0.07387828826904297
0.07494735717773438
0.08240008354187012
0.08711957931518555
0.08221316337585449
0.13013386726379395
0.07452654838562012
0.07372069358825684
0.07285642623901367
0.07654356956481934
0.07280802726745605
0.07443046569824219
0.0734410285949707
0.07414484024047852
0.07019495964050293
0.07702159881591797
0.07877802848815918
0.07910561561584473
0.07438135147094727
0.07355952262878418
0.07890129089355469
0.09950566291809082
0.07990241050720215
0.08042240142822266
0.0780487060546875
0.07606053352355957
0.07429933547973633
0.09521937370300293
0.07385969161987305
0.09399533271789551
0.07508420944213867
0.07789373397827148
0.08724784851074219
0.07512736320495605
0.07608580589294434
0.07584547996520996
0.07639265060424805
0.09117937088012695
0.11635255813598633
0.07558321952819824
0.07326173782348633
0.07874250411987305
0.07612347602844238
0.07839441299438477
0.11927938461303711
0.07475495338439941
0.07583236694335938
0.07309293746948242
0.07452750205993652
0.07377243041992188
0.07547569274902344
0.07673835754394531
0.07594847679138184
0.0771951675415039
0.0770730972290039
0.08031892776489258
0.07507824897766113
0.07333564758300781
0.07422184944152832
0.07613301277160645
0.10185933113098145
0.08024144172668457
0.08556962013244629
0.07639098167419434
0.07638430595397949
0.07165765762329102
0.09232521057128906
0.07842898368835449
0.0765378475189209
0.07385540008544922
0.07410430908203125
0.07333588600158691
0.08330345153808594
0.0771636962890625
0.09515857696533203
0.07792901992797852
0.07485699653625488
0.10285806655883789
0.07518959045410156
0.07780003547668457
0.07590627670288086
0.07515668869018555
0.07472109794616699
0.07604813575744629
0.0779733657836914
0.07501411437988281
0.07057452201843262
0.07423973083496094
0.07421064376831055
0.0740811824798584
0.07520651817321777
0.07972335815429688
0.07436966896057129
0.0744175910949707
0.0736854076385498
0.07712101936340332
0.07843995094299316
0.07413959503173828
0.08016538619995117
0.07935714721679688
0.07445526123046875
0.07536125183105469
0.07349276542663574
0.07726526260375977
0.07614016532897949
0.08612823486328125
0.07646346092224121
0.07506823539733887
0.07402729988098145
0.0728909969329834
0.07255864143371582
0.07326507568359375
0.07456660270690918
0.07213306427001953
0.07228612899780273
0.0718231201171875
0.0732417106628418
0.07383537292480469
0.07441258430480957
0.07551217079162598
0.07684898376464844
0.07614779472351074
0.07008862495422363
0.0786752700805664
0.07469058036804199
0.10657715797424316
0.07592201232910156
0.07853865623474121
0.08030200004577637
0.07463765144348145
0.0742952823638916
0.10189628601074219
0.08246016502380371
0.08554267883300781
0.07683753967285156
0.07687807083129883
0.08126544952392578
0.08313822746276855
0.08218097686767578
0.08121800422668457
0.08604931831359863
0.10585713386535645
0.07859110832214355
0.0807037353515625
0.07986712455749512
0.09102249145507812
0.07010102272033691
0.08765172958374023
0.07805109024047852
0.08141422271728516
0.08012604713439941
0.07510757446289062
0.09512495994567871
0.07332563400268555
0.07390785217285156
0.07535696029663086
0.07946157455444336
0.0775156021118164
0.07037615776062012
0.07657408714294434
0.07378435134887695
0.07313203811645508
0.07248473167419434
0.07275891304016113
0.07177448272705078
0.07343554496765137
0.07262444496154785
0.07685065269470215
0.07123208045959473
0.0726170539855957
0.07007980346679688
0.07346129417419434
0.0744180679321289
0.07692313194274902
0.07906508445739746
0.0778353214263916
0.07277464866638184
0.07471942901611328
0.07474040985107422
0.07638812065124512
0.08014130592346191
0.0800023078918457
0.08663320541381836
0.0778505802154541
0.10779452323913574
0.08108162879943848
0.07613348960876465
0.08028173446655273
0.07799315452575684
0.0784611701965332
0.07970499992370605
0.07988262176513672
0.07388567924499512
0.07610416412353516
0.07295870780944824
0.08817291259765625
0.07448983192443848
0.07606196403503418
0.07566595077514648
0.07558894157409668
0.07335352897644043
0.07637310028076172
0.07674002647399902
0.07840299606323242
0.07832837104797363
0.07529902458190918
0.08350729942321777
0.07533121109008789
0.07251667976379395
0.0882725715637207
0.08051681518554688
0.08234357833862305
0.07256126403808594
0.07550215721130371
0.07529234886169434
0.07581567764282227
0.0892784595489502
0.0829012393951416
0.07124614715576172
0.07320761680603027
0.07497453689575195
0.07801270484924316
0.10471868515014648
0.08378744125366211
0.08166241645812988
0.07971382141113281
0.07515931129455566
0.08137845993041992
0.07918810844421387
0.07725954055786133
0.0716853141784668
0.07735872268676758
0.07939767837524414
0.08751344680786133
0.07891559600830078
0.07833290100097656
0.07273650169372559
0.07396960258483887
0.09540390968322754
0.07497334480285645
0.07570552825927734
0.07539796829223633
0.07025837898254395
0.07263779640197754
0.07390880584716797
0.07579326629638672
0.08363771438598633
0.07417416572570801
0.07880568504333496
0.07298040390014648
0.07477068901062012
0.07450389862060547
0.0758976936340332
0.0762948989868164
0.09201836585998535
0.0900123119354248
0.0765533447265625
0.07361388206481934
0.07802367210388184
0.07596874237060547
0.07521510124206543
0.07128691673278809
0.08492398262023926
0.07548785209655762
0.07657551765441895
0.11504244804382324
0.07424664497375488
0.0785062313079834
0.07836437225341797
0.08008289337158203
0.07610321044921875
0.07500267028808594
0.08491659164428711
0.07816505432128906
0.07898473739624023
0.0765998363494873
0.105621337890625
0.07560157775878906
0.06998753547668457
0.0761101245880127
0.08368086814880371
0.0819692611694336
0.08322525024414062
0.08475303649902344
0.07878565788269043
0.07862734794616699
0.09321975708007812
0.07942509651184082
0.08435344696044922
0.07427620887756348
0.0722811222076416
0.0742197036743164
0.07514214515686035
0.08062386512756348
0.08047151565551758
0.07651019096374512
0.07306289672851562
0.07402682304382324
0.07910799980163574
0.07847118377685547
0.07878232002258301
0.08478283882141113
0.10049557685852051
0.07414007186889648
0.07296442985534668
0.07269859313964844
0.07195568084716797
0.07367563247680664
0.07453703880310059
0.07433128356933594
0.07782173156738281
0.07413220405578613
0.07448053359985352
0.10419797897338867
0.07132720947265625
0.08047270774841309
0.07437801361083984
0.0787656307220459
0.07606744766235352
0.10397791862487793
0.07605314254760742
0.07697916030883789
0.07558774948120117
0.09027552604675293
0.09553670883178711
0.07712602615356445
0.07296204566955566
0.08224225044250488
0.08078861236572266
0.07892179489135742
0.10011911392211914
0.08428788185119629
0.08220553398132324
0.07694673538208008
0.07849311828613281
0.08847784996032715
0.07872557640075684
0.07887816429138184
0.07810831069946289
0.08147740364074707
0.07923483848571777
0.0738067626953125
0.07614398002624512
0.07660698890686035
0.07642960548400879
0.0756535530090332
0.09647560119628906
0.07912850379943848
0.07463908195495605
0.07600855827331543
0.07113909721374512
0.07546567916870117
0.07433295249938965
0.07562971115112305
0.07595705986022949
0.07898163795471191
0.0744163990020752
0.07422947883605957
0.07321906089782715
0.07840824127197266
0.07679533958435059
0.07555603981018066
0.08530044555664062
0.07768487930297852
0.07525420188903809
0.07576274871826172
0.0762028694152832
0.07678103446960449
0.0749664306640625
0.07400774955749512
0.07344937324523926
0.07655048370361328
0.08200573921203613
0.07918548583984375
0.0769188404083252
0.07272815704345703
0.07337737083435059
0.07266974449157715
0.07326197624206543
0.07511758804321289
0.07300591468811035
0.0747675895690918
0.07268118858337402
0.08690690994262695
0.10582542419433594
0.07333230972290039
0.07596850395202637
0.07316255569458008
0.07132935523986816
0.07283186912536621
0.073516845703125
0.07563495635986328
0.07461333274841309
0.07677125930786133
0.09062767028808594
0.09138369560241699
0.08000993728637695
0.0778203010559082
0.07359480857849121
0.07936573028564453
0.09734463691711426
0.07673978805541992
0.07697534561157227
0.07775163650512695
0.07503724098205566
0.0762472152709961
0.07551956176757812
0.07503509521484375
0.07511353492736816
0.0757904052734375
0.06997227668762207
0.07393217086791992
0.07388973236083984
0.07330513000488281
0.07260704040527344
0.07529616355895996
0.08375120162963867
0.07527637481689453
0.07419013977050781
0.08474874496459961
0.07946515083312988
0.0837092399597168
0.07519149780273438
0.08086848258972168
0.07416868209838867
0.07536172866821289
0.08125591278076172
0.07580924034118652
0.08031415939331055
0.08183908462524414
0.08754563331604004
0.08398842811584473
0.0718545913696289
0.07351255416870117
0.07046627998352051
0.07216596603393555
0.07279205322265625
0.08422446250915527
0.07369327545166016
0.0776052474975586
0.0748436450958252
0.0754556655883789
0.07669258117675781
0.07604503631591797
0.08071088790893555
0.07959532737731934
0.07541632652282715
0.08204913139343262
0.08141183853149414
0.07445263862609863
0.07349157333374023
0.07586789131164551
0.07282567024230957
0.08247661590576172
0.0723121166229248
0.0744774341583252
0.07350707054138184
0.07239103317260742
0.07838082313537598
0.07709503173828125
0.0769047737121582
0.07726168632507324
0.07430720329284668
0.07353973388671875
0.07209420204162598
0.07868838310241699
0.07262969017028809
0.07284307479858398
0.07828068733215332
0.07259011268615723
0.07200789451599121
0.07288169860839844
0.07217884063720703
0.07135462760925293
0.07557821273803711
0.08961939811706543
0.07197022438049316
0.07136821746826172
0.07090234756469727
0.07028007507324219
0.07112646102905273
0.07571101188659668
0.06991958618164062
0.07241320610046387
0.07676339149475098
0.07277441024780273
0.10015463829040527
0.07786703109741211
0.07658815383911133
0.07928180694580078
0.0770866870880127
0.085174560546875
0.08234262466430664
0.08127737045288086
0.07108354568481445
0.07541990280151367
0.07540535926818848
0.0791475772857666
0.07470011711120605
0.07343292236328125
0.07400870323181152
0.07444453239440918
0.07455158233642578
0.08845782279968262
0.0739285945892334
0.07566380500793457
0.07474517822265625
0.08469700813293457
0.07808351516723633
0.07426929473876953
0.07184123992919922
0.07448673248291016
0.07288432121276855
0.0985708236694336
0.07485198974609375
0.07250475883483887
0.07521200180053711
0.07084822654724121
0.07115864753723145
0.07283329963684082
0.07332277297973633
0.07455706596374512
0.08214402198791504
0.07648468017578125
0.07818841934204102
0.0796194076538086
0.08907890319824219
0.08115124702453613
0.07419872283935547
0.10535502433776855
0.07198572158813477
0.07581257820129395
0.08073639869689941
0.07854437828063965
0.07399797439575195
0.07407593727111816
0.07619214057922363
0.07194638252258301
0.07212591171264648
0.07184600830078125
0.07157778739929199
0.07500934600830078
0.07307243347167969
0.07120919227600098
0.07203078269958496
0.09164881706237793
0.07657909393310547
0.07699131965637207
0.07330536842346191
