2.1957051753997803
4.4502112865448
2.4662606716156006
3.239947557449341
2.033719301223755
1.6318988800048828
3.3260788917541504
3.7775955200195312
22.420159339904785
22.603086709976196
22.06930375099182
0.9678528308868408
2.048509120941162
1.6483874320983887
1.2555761337280273
2.059685707092285
2.861845016479492
4.0750226974487305
6.9014973640441895
5.689919948577881
4.48402214050293
17.472652435302734
0.9277517795562744
12.812469005584717
2.394726276397705
3.330010175704956
2.748352289199829
2.800095319747925
14.498578310012817
2.0550858974456787
2.0548601150512695
2.844871759414673
12.800283908843994
5.203385353088379
4.44816517829895
5.288464307785034
2.461782217025757
4.4899585247039795
1.2417080402374268
0.8480372428894043
0.8399004936218262
0.8326387405395508
0.8540322780609131
0.8641335964202881
0.8623931407928467
0.4229464530944824
18.19516134262085
0.6144320964813232
0.4506256580352783
0.43768858909606934
0.43367743492126465
0.42497825622558594
0.44932126998901367
0.4520862102508545
0.4410254955291748
0.8997721672058105
0.814871072769165
0.8517560958862305
0.45052146911621094
0.42347097396850586
0.43236613273620605
0.45781517028808594
0.4356551170349121
0.43508458137512207
0.4251396656036377
0.4572141170501709
0.4553720951080322
0.7037777900695801
0.4766414165496826
0.43371105194091797
0.8985719680786133
0.45310401916503906
0.45771098136901855
0.4603266716003418
0.8195207118988037
0.42853713035583496
0.4527747631072998
0.42987632751464844
0.8466134071350098
0.8913309574127197
0.8652851581573486
0.845205545425415
0.8849177360534668
0.8690471649169922
0.9236414432525635
0.8896772861480713
0.9215693473815918
0.8842737674713135
0.8711400032043457
0.8694744110107422
0.46288514137268066
0.4783749580383301
0.4623885154724121
0.5095033645629883
0.4753682613372803
0.5077087879180908
0.9940090179443359
0.9366085529327393
0.9870195388793945
0.4819297790527344
0.5033984184265137
0.4681990146636963
0.5205402374267578
0.5095598697662354
0.548480749130249
0.4857981204986572
0.5184860229492188
0.48497557640075684
0.47017931938171387
0.4744565486907959
0.4820430278778076
0.8053624629974365
0.9216718673706055
0.8876099586486816
0.9211490154266357
0.9111082553863525
0.8955347537994385
0.4931361675262451
0.960690975189209
0.49162769317626953
0.8002312183380127
0.9910416603088379
0.48369312286376953
0.9238805770874023
1.0020372867584229
0.9477231502532959
0.9433825016021729
0.6116645336151123
0.4219534397125244
0.4463071823120117
0.4230482578277588
0.43157196044921875
0.42278504371643066
0.45007872581481934
0.42415666580200195
0.44447898864746094
0.4208238124847412
0.4460761547088623
0.4303419589996338
0.44753026962280273
0.42665886878967285
0.44434523582458496
0.42232346534729004
0.4414045810699463
0.42133307456970215
0.44863438606262207
0.4262197017669678
0.44048070907592773
0.4306488037109375
0.4407339096069336
0.4273531436920166
0.4362926483154297
0.4436969757080078
0.4243438243865967
0.4445796012878418
0.4503669738769531
0.4274303913116455
0.4389076232910156
0.4258880615234375
0.4405851364135742
0.4473412036895752
0.431591272354126
0.44298791885375977
0.9803826808929443
0.9027755260467529
0.9012932777404785
0.9412124156951904
0.9187707901000977
0.8923587799072266
0.902127742767334
0.8842465877532959
0.4635133743286133
0.4327967166900635
0.47227025032043457
0.4389688968658447
0.4452331066131592
0.4434933662414551
0.47657299041748047
0.45893216133117676
0.47919321060180664
0.45172810554504395
0.45937347412109375
0.44741344451904297
0.4639613628387451
0.4472012519836426
0.45818257331848145
0.44260621070861816
0.4611537456512451
0.4568946361541748
0.43916940689086914
0.6230642795562744
0.42428088188171387
0.44102954864501953
0.4531846046447754
0.42212390899658203
0.44417786598205566
0.4574267864227295
0.42722249031066895
0.436492919921875
0.4500148296356201
0.42807507514953613
0.44046688079833984
0.41827845573425293
0.446835994720459
0.42728209495544434
0.43987369537353516
0.44399142265319824
0.4417276382446289
0.42699599266052246
0.44051504135131836
0.44380712509155273
0.4285576343536377
0.4464857578277588
0.4553802013397217
0.41998291015625
0.7242391109466553
0.8965370655059814
0.8532617092132568
0.8365170955657959
0.8274900913238525
0.8770647048950195
0.888970136642456
0.8852899074554443
0.912142276763916
0.9564218521118164
1.0160088539123535
0.45769405364990234
0.45023059844970703
0.49196481704711914
0.34003186225891113
0.33937835693359375
0.3592259883880615
0.3504819869995117
0.347078800201416
0.35096192359924316
0.34760594367980957
0.338564395904541
0.3544039726257324
0.3319549560546875
0.3505892753601074
0.32741856575012207
0.3477027416229248
0.3316795825958252
0.3505985736846924
0.3562593460083008
0.3494086265563965
0.341228723526001
0.3343014717102051
0.3432755470275879
0.3412458896636963
0.3625955581665039
0.3628053665161133
0.3440845012664795
0.35869455337524414
0.34535980224609375
0.3531193733215332
0.32996296882629395
0.3511505126953125
0.32808709144592285
0.3465690612792969
0.3641848564147949
0.359142541885376
0.33889198303222656
0.3620455265045166
0.3514707088470459
0.33463311195373535
0.3659820556640625
0.33692049980163574
0.5144381523132324
0.33562374114990234
0.3501710891723633
0.3381214141845703
0.35778331756591797
0.3270125389099121
0.34902143478393555
0.3328709602355957
0.33991217613220215
0.35161757469177246
0.33945322036743164
0.3452634811401367
0.329073429107666
0.3437075614929199
0.3455367088317871
0.3483908176422119
0.35009002685546875
0.34906935691833496
0.3278670310974121
0.33117008209228516
0.3534369468688965
0.34670424461364746
0.3389434814453125
0.3236203193664551
0.3438448905944824
0.3218860626220703
0.33597612380981445
0.32824182510375977
0.3581881523132324
0.3379993438720703
0.3251464366912842
0.3473644256591797
0.3219113349914551
0.34255409240722656
0.35135722160339355
0.347836971282959
0.33989930152893066
0.3267991542816162
0.33826613426208496
0.32210683822631836
0.35674357414245605
0.3452737331390381
0.3340737819671631
0.3218832015991211
0.36594367027282715
0.3282043933868408
0.3219265937805176
0.3644435405731201
0.35307860374450684
0.3230550289154053
0.32544445991516113
0.3389580249786377
0.3221304416656494
0.3535430431365967
0.3466005325317383
0.3466179370880127
0.32996606826782227
0.5771517753601074
0.429659366607666
0.4375932216644287
0.432053804397583
0.42665529251098633
0.6339097023010254
0.43000030517578125
0.4530680179595947
0.4241313934326172
0.44811391830444336
0.4279310703277588
0.4651815891265869
0.42533087730407715
0.4533417224884033
0.42300939559936523
0.44652676582336426
0.4226553440093994
0.442685604095459
