.9375
.9375
625
875
500
750
375
000
000
125
875
625
.9375
.7500
.6875
.6875
.8125
.6250
.5625
.4375
.3125
.4375
.6250
.6875
.7500
.6875
.5625
.3125
.0625
.8125
.6875
.5000
.1875
.8750
.6250
.5000
.3125
.1875
.2500
.3125
.3125
.3750
.3125
.3750
.2500
.6875
.6875
.8125
.7500
.5000
.2500
.0625
.0000
.8750
.8750
.1250
.8750
.8750
.0000
.0625
.9375
.7500
.6250
.5000
.4375
.2500
.0625
.8750
.7500
.6875
.5625
.5000
.6250
.7500
.8750
.9375
.0625
.0625
.9375
.8125
.7500
.6875
.5625
.3125
.0625
.8750
.6875
.5000
.3750
.1875
.0000
.9375
.9375
.9375
.9375
.8125
.7500
.5625
.4375
.4375
.4375
.4375
.4375
.4375
.4375
.4375
.4375
.4375
.4375
.4375
.4375
.4375
.4375
.4375
.4375
.4375
.3750
.9375
.7500
.7500
.7500
.7500
.7500
.7500
.7500
.7500
.7500
.7500
.7500
.7500
.9375
.0000
.8125
.8750
.7500
.8125
.8125
.0000
.8750
.7500
.6875
.6250
.8750
.0000
.8750
.6250
.5625
.3125
.0625
.9375
.8125
.5000
.1875
.8750
.6250
.5000
.4375
.2500
.1875
.2500
.3125
.2500
.1250
.9375
.6250
.6875
.6875
.6875
.6875
.6875
.6875
.6875
.6875
.6875
.6875
.6875
.6875
.6875
.6875
.6875
.6875
.7500
.7500
.7500
.5625
.3750
.1250
.8750
.5625
.3750
.1875
.0000
.8750
.7500
.5625
.1250
.3750
.5000
.0625
.7500
.5625
.2500
.5000
.6250
.7500
.8125
.3125
.1875
.8750
.5625
.3125
.0000
.6875
.4375
.1875
.9375
.8125
.6875
.4375
.1250
.8125
.5000
.0000
.6250
.1875
.6875
.1875
.6875
.2500
.8125
.4375
.0625
.7500
.3750
.0625
.5625
.2500
.8750
.5625
.1875
.9375
.5625
.1875
.8750
.5000
.2500
.0000
.6875
.3750
.1250
.8125
.4375
.0000
.6250
.1875
.8750
.5000
.0625
.6250
.1875
.6875
.1875
.6875
.1875
.6875
.1250
.6250
.0625
.6250
.0000
.3750
.6875
.1875
.6875
.0625
.5000
.8125
.3125
.7500
.2500
.2500
.2500
.2500
.2500
.3125
.3125
.3125
.3125
.3125
.3125
.3125
.3125
.3125
.3125
.3125
.3125
.5000
.6250
.6875
.7500
.6875
.5625
.3125
.1250
.9375
.6875
.5000
.3125
.0625
.8750
.6875
.5625
.3750
.2500
.0625
.0000
.0000
.9375
.7500
.5625
.2500
.0000
.7500
.6250
.5625
.5000
.4375
.3125
.1250
.9375
.8125
.6875
.6250
.5000
.4375
.5000
.5625
.6875
.6875
.6250
.4375
.1250
.9375
.9375
.7500
